<?xml version="1.0"?>
<opencv_storage>
<image_width>640</image_width>
<image_height>480</image_height>
<board_width>9</board_width>
<board_height>6</board_height>
<square_size>2.5779999792575836e-02</square_size>

<!-- flags: +fix_aspectRatio +fix_principal_point +zero_tangent_dist +fix_k4 +fix_k5 -->

<camera_matrix type_id="opencv-matrix">
  <rows>3</rows>
  <cols>3</cols>
  <dt>d</dt>
  <data>
    414.227499 0.000000 319.961558 0.000000 552.006700 251.177448 0.000000 0.000000 1.000000
</data></camera_matrix>

<distortion_coefficients type_id="opencv-matrix">
  <rows>5</rows>
  <cols>1</cols>
  <dt>d</dt>
  <data>
   -0.392781 0.120044 0.000759 0.002801 0.000000
  </data>
</distortion_coefficients>


<projection_matrix type_id="opencv-matrix">
  <rows>3</rows>
  <cols>4</cols>
  <dt>d</dt>
  <data>
    555.108660 0.000000 363.115326 0.000000 0.000000 555.108660 259.621675 0.000000 0.000000 0.000000 1.000000 0.000000
</data>
</projection_matrix>

<rectification_matrix type_id="opencv-matrix">
  <rows>3</rows>
  <cols>3</cols>
  <dt>d</dt>
  <data>
    0.998007 0.018174 0.060424 -0.019538 0.999566 0.022064 -0.059997 -0.023200 0.997929</data>
</rectification_matrix>



</opencv_storage>
