<?xml version="1.0"?>
<opencv_storage>
<image_width>640</image_width>
<image_height>480</image_height>
<board_width>9</board_width>
<board_height>6</board_height>
<square_size>0.07076</square_size>

<!-- flags: +fix_aspectRatio +fix_principal_point +zero_tangent_dist +fix_k4 +fix_k5 -->

<camera_matrix type_id="opencv-matrix">
  <rows>3</rows>
  <cols>3</cols>
  <dt>d</dt>
  <data>
    423.8653549366001 0.0 324.3184858005911 0.0 569.130895763117 239.20601373140082 0.0 0.0 1.0
</data></camera_matrix>

<distortion_coefficients type_id="opencv-matrix">
  <rows>5</rows>
  <cols>1</cols>
  <dt>d</dt>
  <data>
   -0.3815949942352131 0.11035971663927495 0.002286979815743904 0.001392448591313118 0.0
  </data>
</distortion_coefficients>


<projection_matrix type_id="opencv-matrix">
  <rows>3</rows>
  <cols>4</cols>
  <dt>d</dt>
  <data>
    301.98699951171875 0.0 330.75119238386833 0.0 0.0 526.706298828125 240.01965755146375 0.0 0.0 0.0 1.0 0.0
</data>
</projection_matrix>

<rectification_matrix type_id="opencv-matrix">
  <rows>3</rows>
  <cols>3</cols>
  <dt>d</dt>
  <data>
    1.000000 0.000000 0.000000 0.000000 1.000000 0.000000 0.000000 0.000000 1.000000</data>
</rectification_matrix>



</opencv_storage>
