0:
-0.0429919,-0.6842,0.728026,1.47101,
-0.998985,0.0196311,-0.0405433,4.02861,
0.0134478,-0.72903,-0.684349,2.33845,
0,0,0,1;


1:
0.999116,0.0357342,-0.0221629,4.00948,
0.0407829,-0.695134,0.717723,1.0272,
0.0102411,-0.717992,-0.695976,2.4338,
0,0,0,1;


2:
-0.105591,0.711978,-0.694218,6.08143,
0.994376,0.0813432,-0.0678213,4.48029,
0.00818265,-0.697475,-0.716563,2.33144,
0,0,0,1;



