<?xml version="1.0"?>
<opencv_storage>
<image_width>1920</image_width>
<image_height>1080</image_height>
<board_width>9</board_width>
<board_height>6</board_height>
<square_size>0.07076</square_size>

<!-- flags: +fix_aspectRatio +fix_principal_point +zero_tangent_dist +fix_k4 +fix_k5 -->

<camera_matrix type_id="opencv-matrix">
  <rows>3</rows>
  <cols>3</cols>
  <dt>d</dt>
  <data>
    1260.5293222089927 0.0 975.0599090068824 0.0 1271.9426662156707 566.9676005967335 0.0 0.0 1.0
</data></camera_matrix>

<distortion_coefficients type_id="opencv-matrix">
  <rows>5</rows>
  <cols>1</cols>
  <dt>d</dt>
  <data>
   -0.372411 0.098691 -0.000347 0.000528 0.000000
  </data>
</distortion_coefficients>


<projection_matrix type_id="opencv-matrix">
  <rows>3</rows>
  <cols>4</cols>
  <dt>d</dt>
  <data>
    883.100830078125 0.0 992.3628461271292 0.0 0.0 1176.9564208984375 571.3968129228961 0.0 0.0 0.0 1.0 0.0
</data>
</projection_matrix>

<rectification_matrix type_id="opencv-matrix">
  <rows>3</rows>
  <cols>3</cols>
  <dt>d</dt>
  <data>
    1.000000 0.000000 0.000000 0.000000 1.000000 0.000000 0.000000 0.000000 1.000000</data>
</rectification_matrix>



</opencv_storage>
